0.0
-5.106284334033262e-06
-8.411931958107743e-06
-1.0696911886043381e-05
-9.268898793379776e-06
-4.405875188240316e-06
1.5435034583788365e-06
4.942763553117402e-06
4.8846641220734455e-06
3.562261554179713e-06
4.692175025411416e-06
9.356947884953115e-06
1.4578437912859954e-05
1.52994180098176e-05
8.937467100622598e-06
-2.0474290067795664e-06
-1.175989837065572e-05
-1.551372406538576e-05
-1.3338237295101862e-05
-9.330016837338917e-06
-7.701743925281335e-06
-9.308556400355883e-06
-1.1519023246364668e-05
-1.103753675124608e-05
-6.6882830651593395e-06
2.85520684428775e-07
7.951507541292813e-06
1.5114867892407347e-05
2.1097890567034483e-05
2.4846362066455185e-05
2.5109402486123145e-05
2.191821113228798e-05
1.751507807057351e-05
1.4840889889455866e-05
1.4535835362039506e-05
1.3614299859909806e-05
7.685989658057224e-06
-4.702063961303793e-06
-1.9757208065129817e-05
-3.09720344375819e-05
-3.4314754884690046e-05
-3.122561611235142e-05
-2.662374754436314e-05
-2.3883054382167757e-05
-2.1964937332086265e-05
-1.763536420185119e-05
-1.0091863259731326e-05
-2.6094076019944623e-06
9.399195164405683e-07
1.0486592145753093e-06
3.0490637072944082e-06
1.1381535841792356e-05
2.3151602363213897e-05
2.834791666828096e-05
1.8258841009810567e-05
-4.733930836664513e-06
-2.5950706913135946e-05
-2.875813515856862e-05
-8.446496394753922e-06
2.2333362721838057e-05
4.216715751681477e-05
3.7229532608762383e-05
1.176348996523302e-05
-1.5938683645799756e-05
-2.8156893677078187e-05
-2.0670006051659584e-05
-3.668928002298344e-06
8.794060704531148e-06
1.0795291927934159e-05
8.212194188672584e-06
1.1892093425558414e-05
2.70503805950284e-05
4.8116533434949815e-05
6.241413939278573e-05
5.9199781389907e-05
3.718519292306155e-05
5.487326234288048e-06
-2.174223482143134e-05
-3.343712887726724e-05
-2.797029446810484e-05
-1.3945986211183481e-05
-4.9946702347369865e-06
-1.1258096492383629e-05
-3.20835824823007e-05
-5.549317575059831e-05
-6.59088691463694e-05
-5.494686774909496e-05
-2.8006950742565095e-05
-1.371000507788267e-06
8.992872608359903e-06
-1.8063956304104067e-06
-2.539191336836666e-05
-4.742102464661002e-05
-5.8059958973899484e-05
-5.66872040508315e-05
-4.7843073843978345e-05
-3.412525984458625e-05
-1.360033274977468e-05
1.5293029719032347e-05
4.6474524424411356e-05
6.620115891564637e-05
6.283578113652766e-05
3.903952892869711e-05
1.5052881281008013e-05
1.6404330381192267e-05
5.3678813856095076e-05
0.00011080782860517502
0.0001529631408629939
0.00015105347847566009
0.00010441824269946665
4.2629006202332675e-05
3.4860222513088956e-06
3.273310539952945e-06
2.4017965188249946e-05
2.915544610004872e-05
-4.808974154002499e-06
-6.609359115827829e-05
-0.00011529037146829069
-0.00011829599679913372
-7.640426338184625e-05
-2.807125565595925e-05
-1.9031052943319082e-05
-6.405494059436023e-05
-0.00013353621761780232
-0.00017619942082092166
-0.0001591690961504355
-9.367968596052378e-05
-2.4524182663299143e-05
7.125837328203488e-06
-5.010443601349834e-06
-3.0422175768762827e-05
-2.9197442927397788e-05
1.4832454326096922e-05
8.327107934746891e-05
0.00013913122529629618
0.0001536242780275643
0.00012410161434672773
7.18010269338265e-05
2.6018518838100135e-05
8.676332072354853e-06
2.6023888494819403e-05
6.741718971170485e-05
0.00010942711378447711
0.00012536576832644641
9.920306911226362e-05
3.7422971217893064e-05
-3.13195341732353e-05
-7.317558629438281e-05
-7.189475581981242e-05
-3.954963176511228e-05
-5.898913514101878e-06
6.153374670248013e-06
-3.402585207368247e-06
-1.8736871425062418e-05
-2.8384238248690963e-05
-3.746757283806801e-05
-5.8643490774556994e-05
-9.079235314857215e-05
-0.00011150146019645035
-9.574790601618588e-05
-4.4749860535375774e-05
4.756591806653887e-06
6.7058981585432775e-06
-5.1433060434646904e-05
-0.00012912109377793968
-0.00015877504483796656
-9.907965431921184e-05
2.8820897568948567e-05
0.00015415785310324281
0.00020820875943172723
0.00017174526874441653
8.13103251857683e-05
-5.667992809321731e-06
-5.258223973214626e-05
-5.837541539222002e-05
-4.1484032408334315e-05
-1.540323137305677e-05
1.845609222073108e-05
5.869724554941058e-05
9.318767115473747e-05
0.00010341500455979258
8.061146945692599e-05
3.701119567267597e-05
-1.4684546840726398e-06
-1.296338905376615e-05
8.101003913907334e-06
5.1442752010189e-05
9.976996807381511e-05
0.00013458849571179599
0.00013747994671575725
9.516996215097606e-05
1.0819447197718546e-05
-8.798115595709532e-05
-0.00015924416948109865
-0.00017467564612161368
-0.000143774930620566
-0.00010976145858876407
-0.00011539383558556437
-0.0001656962267588824
-0.00022186301066540182
-0.00023383594816550612
-0.00018257163173984736
-9.25728672882542e-05
-4.08564847020898e-06
6.500506424345076e-05
0.0001287807390326634
0.00020496945944614708
0.00027940375730395317
0.00030619860626757145
0.0002501681447029114
0.0001316651760134846
2.6298424927517772e-05
8.696055374457501e-06
8.451208123005927e-05
0.00017365286475978792
0.00016599420632701367
9.44731891650008e-06
-0.00024087501515168697
-0.0004547748249024153
-0.0005156071856617928
-0.0003983220085501671
-0.00018172951240558177
9.372768545290455e-06
8.649006485939026e-05
4.6506625949405134e-05
-3.890685911756009e-05
-7.658898539375514e-05
-1.1549718692549504e-05
0.00014160244609229267
0.00031248247250914574
0.0004201901610940695
0.00042210775427520275
0.00033835461363196373
0.00023224919277708977
0.00016009800310712308
0.00013002149353269488
0.00010114605538547039
2.625111665111035e-05
-9.695623884908855e-05
-0.0002168845821870491
-0.00027276528999209404
-0.00025236792862415314
-0.00021025830938015133
-0.00022133738093543798
-0.0003058314323425293
-0.0004011150449514389
-0.00041015539318323135
-0.00028644781559705734
-8.304505900014192e-05
8.553873340133578e-05
0.0001372999686282128
8.517139940522611e-05
1.571945904288441e-05
6.597462743229698e-06
6.039586151018739e-05
0.00011799600906670094
0.00013258124818094075
0.0001253401569556445
0.00016583569231443107
0.00029497803188860416
0.0004669607151299715
0.0005733845755457878
0.0005319574847817421
0.0003568241372704506
0.00014766023377887905
8.649920346215367e-06
-3.0666240490972996e-05
-2.4329739972017705e-05
-5.067173333372921e-05
-0.00014773153816349804
-0.0002982548903673887
-0.000461766729131341
-0.0006068141665309668
-0.000707951607182622
-0.0007230199407786131
-0.0005999214481562376
-0.00032828329131007195
1.2473499737097882e-05
0.0002700779587030411
0.00031542894430458546
0.000152247681398876
-6.349514296744019e-05
-0.00012863091251347214
5.1465045544318855e-05
0.00038085575215518475
0.0006425052415579557
0.0006679119542241096
0.00046661379747092724
0.00021127407671883702
9.010263602249324e-05
0.00015019082638900727
0.00026404811069369316
0.0002442062832415104
8.0660001913202e-06
-0.00034648762084543705
-0.0006149993278086185
-0.0006454018875956535
-0.00045490474440157413
-0.00021126661158632487
-9.87850216915831e-05
-0.00018134276615455747
-0.00036420347169041634
-0.00047607021406292915
-0.0004006144590675831
-0.00015326973516494036
0.00014708464732393622
0.00037650950253009796
0.0004904388915747404
0.0005319027695804834
0.0005690748803317547
0.0006235809996724129
0.0006522121839225292
0.0005943574942648411
0.00043972162529826164
0.0002514796797186136
0.00011930987238883972
8.160455035977066e-05
8.494821668136865e-05
2.0348132238723338e-05
-0.00018535695562604815
-0.0004961576778441668
-0.0007784089539200068
-0.0008937094826251268
-0.0008006349671632051
-0.0005831914022564888
-0.00038177543319761753
-0.000284755602478981
-0.0002715643495321274
-0.00025285594165325165
-0.00016671759658493102
-3.741533146239817e-05
6.016486440785229e-05
9.220399078913033e-05
0.00011781693319790065
0.00024148027296178043
0.0004975255578756332
0.0007762480527162552
0.0008828348945826292
0.0006929785013198853
0.00027606263756752014
-0.00012564551434479654
-0.00026602204889059067
-7.972493767738342e-05
0.0002693778369575739
0.000513728242367506
0.0004805575590580702
0.00020141169079579413
-0.00014277742593549192
-0.00037798075936734676
-0.00045971223153173923
-0.0004649888724088669
-0.0004844332579523325
-0.0005262324120849371
-0.0005150518845766783
-0.0003778897225856781
-0.0001279269636142999
0.00013033337017986923
0.0002755878958851099
0.0002601821906864643
0.00014075805665925145
3.0932133086025715e-05
1.9718572730198503e-05
0.00011376886686775833
0.00023847437114454806
0.00029144762083888054
0.00021217702305875719
2.5264875148423016e-05
-0.00017011056479532272
-0.000261910492554307
-0.00020376349857542664
-5.571843939833343e-05
5.02951443195343e-05
6.714096343785059e-06
-0.0001810065732570365
-0.000391998328268528
-0.0004831263795495033
-0.0004068911075592041
-0.0002565865870565176
-0.00018852311768569052
-0.00028284662403166294
-0.0004668270703405142
-0.0005668075755238533
-0.0004455619491636753
-0.0001079671346815303
0.0003167318645864725
0.0006924869958311319
0.0009770139586180449
0.0012138423044234514
0.001435765065252781
0.0015877140685915947
0.0015587175730615854
0.0012968718074262142
0.0008902186527848244
0.0005224093329161406
0.00032860785722732544
0.00028411555103957653
0.00023399179917760193
3.818841651082039e-05
-0.0002976020332425833
-0.0006286643911153078
-0.0008086441084742546
-0.0008204441983252764
-0.0007788792718201876
-0.0008061768021434546
-0.0009050262160599232
-0.000961345387622714
-0.0008710096590220928
-0.0006620769854635
-0.0004896107129752636
-0.000499076209962368
-0.0006893572863191366
-0.0009094197303056717
-0.0009923824109137058
-0.0009023104794323444
-0.0007573741022497416
-0.000714058056473732
-0.0008311949204653502
-0.001040739007294178
-0.0012344543356448412
-0.0013638446107506752
-0.0014477577060461044
-0.0014896790962666273
-0.0014162810984998941
-0.0011235673446208239
-0.0005948867183178663
3.339009708724916e-05
0.0005528684705495834
0.0008576808031648397
0.001047684345394373
0.0013490074779838324
0.0019097262993454933
0.0026511221658438444
0.0033129919320344925
0.003662615083158016
0.003681378671899438
0.0035633386578410864
0.003541569923982024
0.0036993480753153563
0.003927018493413925
0.004047241061925888
0.003965970128774643
0.0037107469979673624
0.003348223166540265
0.00288552138954401
0.0022713104262948036
0.0014918835368007421
0.0006415497045964003
-0.00012837472604587674
-0.0007452794816344976
-0.001301545649766922
-0.0019898833706974983
-0.0029235000256448984
-0.0040055252611637115
-0.0049812085926532745
-0.005641359835863113
-0.0060076527297496796
-0.00633268803358078
-0.006902966648340225
-0.007801469415426254
-0.008821416646242142
-0.009597789496183395
-0.009848479181528091
-0.009540732949972153
-0.008867055177688599
-0.008072026073932648
-0.007275134325027466
-0.00641053169965744
-0.005309842526912689
-0.0038505438715219498
-0.002056873170658946
-8.796941256150603e-05
0.0018724279943853617
0.0037438205908983946
0.005610056221485138
0.0076651908457279205
0.010054748505353928
0.012715429067611694
0.015329945832490921
0.017435520887374878
0.01864001527428627
0.0188068188726902
0.018074125051498413
0.016715899109840393
0.01496792584657669
0.012960802763700485
0.010810740292072296
0.008757352828979492
0.007182672619819641
0.006455659866333008
0.006698787212371826
0.007654290646314621
0.008767038583755493
0.009417742490768433
0.009120799601078033
0.0075685568153858185
0.004553124308586121
-0.00010383788321632892
-0.006502948701381683
-0.014529194682836533
-0.023758236318826675
-0.03349783644080162
-0.04292546957731247
-0.05119640752673149
-0.05745159834623337
-0.06079159304499626
-0.060358576476573944
-0.05559663474559784
-0.04658365622162819
-0.03421006724238396
-0.020041849464178085
-0.005890078842639923
0.006703551858663559
0.016821786761283875
0.024258766323328018
0.02938411384820938
0.0329073891043663
0.03564639389514923
0.03832836076617241
0.041416797786951065
0.04497864469885826
0.048636894673109055
0.05165494978427887
0.05314629152417183
0.05234244093298912
0.04884176701307297
0.042759865522384644
0.034720078110694885
0.025681160390377045
0.016652949154376984
0.008399948477745056
0.0012613956350833178
-0.004839200526475906
-0.010231796652078629
-0.015287432819604874
-0.02026958391070366
-0.02530018612742424
-0.0303821824491024
-0.03540908917784691
-0.04014654830098152
-0.044215478003025055
-0.04713907092809677
-0.048453789204359055
-0.047821126878261566
-0.0450952872633934
-0.040342286229133606
-0.03385127708315849
-0.02616245299577713
-0.018067866563796997
-0.010507721453905106
-0.00432775542140007
1.068582059815526e-05
0.002603721572086215
0.00404566153883934
0.005147133022546768
0.006590157747268677
0.008705809712409973
0.011459402740001678
0.014605969190597534
0.01788366213440895
0.02112402766942978
0.024244464933872223
0.02716192975640297
0.029712002724409103
0.03164726123213768
0.032728277146816254
0.03285804018378258
0.03216131776571274
0.030918624252080917
0.02936233952641487
0.027465421706438065
0.02489504963159561
0.02120865136384964
0.016183461993932724
0.010038908571004868
0.003370652673766017
-0.003155820770189166
-0.009106673300266266
-0.014340419322252274
-0.018808532506227493
-0.022327113896608353
-0.02457539737224579
-0.025345955044031143
-0.024813834577798843
-0.02354338765144348
-0.022188700735569
-0.021136842668056488
-0.02040395513176918
-0.019859641790390015
-0.019523125141859055
-0.019610214978456497
-0.02027057111263275
-0.021268490701913834
-0.021962963044643402
-0.021673165261745453
-0.020127389580011368
-0.017601989209651947
-0.014625389128923416
-0.011515524238348007
-0.00816064327955246
-0.004209846258163452
0.0005384453106671572
0.005935363471508026
0.01163489744067192
0.017402946949005127
0.023251626640558243
0.02925306186079979
0.03522256389260292
0.04059458151459694
0.04461243003606796
0.04666552320122719
0.04648778215050697
0.04409901797771454
0.03963571414351463
0.03328138589859009
0.025363922119140625
0.01647752895951271
0.007431231439113617
-0.0009767250157892704
-0.008183125406503677
-0.013938196003437042
-0.01823161169886589
-0.021199140697717667
-0.023129969835281372
-0.0245056115090847
-0.02591681480407715
-0.027829330414533615
-0.030331704765558243
-0.03306969627737999
-0.035447850823402405
-0.03693508356809616
-0.037235334515571594
-0.036234885454177856
-0.03384019806981087
-0.02990657463669777
-0.024341318756341934
-0.01727287843823433
-0.009109728038311005
-0.0004244423471391201
0.008235834538936615
0.016474641859531403
0.024042554199695587
0.03073839098215103
0.036314692348241806
0.040433693677186966
0.04267187416553497
0.04260556399822235
0.039991896599531174
0.0349743627011776
0.028167087584733963
0.020491737872362137
0.012799393385648727
0.005518205463886261
-0.0013828619848936796
-0.008062232285737991
-0.014379363507032394
-0.019735723733901978
-0.023324619978666306
-0.024585559964179993
-0.023474272340536118
-0.020345386117696762
-0.01562405377626419
-0.00960208848118782
-0.002533458638936281
0.005109794437885284
0.012545347213745117
0.018877051770687103
0.023382097482681274
0.025627601891756058
0.02533416450023651
0.022199466824531555
0.015977773815393448
0.0068073272705078125
-0.004520736634731293
-0.016661714762449265
-0.028188064694404602
-0.038066864013671875
-0.045772768557071686
-0.05101935938000679
-0.05345427244901657
-0.052675340324640274
-0.0485629104077816
-0.0415784977376461
-0.03267541527748108
-0.02282782271504402
-0.012565240263938904
-0.001886578043922782
0.009417776018381119
0.021358147263526917
0.03360667824745178
0.045656949281692505
0.05702616646885872
0.06727302074432373
0.07586002349853516
0.08209347724914551
0.08529633283615112
0.08508044481277466
0.08141905069351196
0.07440084218978882
0.06387996673583984
0.04937266558408737
0.030383117496967316
0.006954606622457504
-0.019963562488555908
-0.04856275022029877
-0.07655453681945801
-0.10160887241363525
-0.12165772914886475
-0.13510066270828247
-0.1409962773323059
-0.13920831680297852
-0.13036119937896729
-0.11551851034164429
-0.09574997425079346
-0.07191824913024902
-0.04485335201025009
-0.015706922858953476
0.013907764106988907
0.042203646153211594
0.06775772571563721
0.08983111381530762
0.10816645622253418
0.12246167659759521
0.1320144534111023
0.1358708143234253
0.13336950540542603
0.12458890676498413
0.11029744148254395
0.09150898456573486
0.06910187005996704
0.043882615864276886
0.017028406262397766
-0.0095803402364254
-0.03356742486357689
-0.05277805030345917
-0.06602567434310913
-0.07333409786224365
-0.07554924488067627
-0.07367712259292603
-0.06846064329147339
-0.06044907495379448
-0.050362300127744675
-0.039338208734989166
-0.02880766987800598
-0.02007964253425598
-0.013956915587186813
-0.010644640773534775
-0.009944938123226166
-0.011532053351402283
-0.015099860727787018
-0.02032284066081047
-0.026750463992357254
-0.033778999000787735
-0.04071678966283798
-0.04686710238456726
-0.05155741050839424
-0.05410650745034218
-0.05380802974104881
-0.050009019672870636
-0.04225520044565201
-0.03041737526655197
-0.014742482453584671
0.004168063402175903
0.025398310273885727
0.047762300819158554
0.06991231441497803
0.09054327011108398
0.10862612724304199
0.12352049350738525
0.1348598599433899
0.14230334758758545
0.14539581537246704
0.14369350671768188
0.13705259561538696
0.1257784366607666
0.11040765047073364
0.09125840663909912
0.06818991899490356
0.04089938476681709
0.009598199278116226
-0.024507034569978714
-0.05941063165664673
-0.09309577941894531
-0.12426692247390747
-0.15237200260162354
-0.1769152283668518
-0.19672954082489014
-0.20994603633880615
-0.2147960662841797
-0.2105608582496643
-0.1978238821029663
-0.17784565687179565
-0.15166330337524414
-0.11977487802505493
-0.0826953649520874
-0.04177672788500786
0.0005705635994672775
0.041539229452610016
0.07894021272659302
0.11170738935470581
0.139520525932312
0.162014901638031
0.17840516567230225
0.18784981966018677
0.19011187553405762
0.18582308292388916
0.17602592706680298
0.16142845153808594
0.14213019609451294
0.11808139085769653
0.08986032009124756
0.059056464582681656
0.027887463569641113
-0.001611487939953804
-0.028149541467428207
-0.05112845450639725
-0.07017642259597778
-0.08479607105255127
-0.09448415040969849
-0.0991554856300354
-0.09940290451049805
-0.09632021188735962
-0.09100580215454102
-0.08414143323898315
-0.07600313425064087
-0.06686103343963623
-0.057390954345464706
-0.048737186938524246
-0.04211626946926117
-0.03818517178297043
-0.03661558777093887
-0.03618369624018669
-0.035327889025211334
-0.03284674137830734
-0.02830851823091507
-0.021930329501628876
-0.014099311083555222
-0.0049587152898311615
0.00561470165848732
0.017641399055719376
0.030627574771642685
0.043524712324142456
0.055135615170001984
0.06464236974716187
0.07181793451309204
0.0767439603805542
0.07931375503540039
0.07900488376617432
0.075164794921875
0.06761914491653442
0.05709856376051903
0.045082807540893555
0.03315924108028412
0.02235974371433258
0.012924611568450928
0.004623208194971085
-0.002675645286217332
-0.008665535598993301
-0.012746263295412064
-0.014503337442874908
-0.014138728380203247
-0.012534920126199722
-0.010908089578151703
-0.010320078581571579
-0.011379893869161606
-0.014243781566619873
-0.018811393529176712
-0.0248795747756958
-0.032108455896377563
-0.039929404854774475
-0.04758092388510704
-0.054321277886629105
-0.059680305421352386
-0.06349730491638184
-0.06568169593811035
-0.06594705581665039
-0.06383007764816284
-0.0590486004948616
-0.05189986526966095
-0.04327424615621567
-0.03416106477379799
-0.025033093988895416
-0.015668176114559174
-0.005599133670330048
0.005214758217334747
0.01617753878235817
0.02657678723335266
0.03638274222612381
0.04653208330273628
0.058291058987379074
0.07212603092193604
0.0870058536529541
0.10076045989990234
0.1112169623374939
0.11716783046722412
0.11846691370010376
0.1153363585472107
0.10761767625808716
0.09471875429153442
0.07627767324447632
0.05289287865161896
0.02627727761864662
-0.001288947882130742
-0.027744945138692856
-0.0517004169523716
-0.07238644361495972
-0.08934587240219116
-0.10222095251083374
-0.11076027154922485
-0.11490535736083984
-0.11483871936798096
-0.11095666885375977
-0.10379993915557861
-0.09398186206817627
-0.08207780122756958
-0.0684998631477356
-0.05350251868367195
-0.03741252049803734
-0.02094614878296852
-0.005254857242107391
0.008491754531860352
0.019741013646125793
0.028888236731290817
0.036898791790008545
0.04441335052251816
0.05109817534685135
0.05582074820995331
0.05754386633634567
0.05621417984366417
0.05284755304455757
0.048766158521175385
0.0446988120675087
0.04050604626536369
0.03574255108833313
0.03043098747730255
0.025255568325519562
0.021058812737464905
0.018134284764528275
0.016017131507396698
0.014028877019882202
0.012008879333734512
0.010505061596632004
0.010258182883262634
0.011418785899877548
0.01318579912185669
0.014208249747753143
0.01338275894522667
0.010380741208791733
0.005563069134950638
-0.0005528244655579329
-0.007749937474727631
-0.016101595014333725
-0.025593116879463196
-0.035732660442590714
-0.04548490047454834
-0.05359939858317375
-0.05904648080468178
-0.06126898527145386
-0.06018994748592377
-0.05605894327163696
-0.04931511729955673
-0.04060092940926552
-0.030816663056612015
-0.02100791037082672
-0.012074682861566544
-0.004464693367481232
0.0019223089329898357
0.007454380393028259
0.012284718453884125
0.016099799424409866
0.01835743710398674
0.01885109767317772
0.018098555505275726
0.017125152051448822
0.016735095530748367
0.01690084859728813
0.016887877136468887
0.016087964177131653
0.014860711991786957
0.01457778736948967
0.01669897884130478
0.021633751690387726
0.028379667550325394
0.035233814269304276
0.04093693196773529
0.04519965127110481
0.04817073047161102
0.049491167068481445
0.04799012467265129
0.04247560352087021
0.032956186681985855
0.021065428853034973
0.009141582995653152
-0.001351183746010065
-0.010702136904001236
-0.02029550075531006
-0.030978158116340637
-0.04191746562719345
-0.05094823241233826
-0.05611632391810417
-0.05707467719912529
-0.0551290325820446
-0.052008286118507385
-0.048533253371715546
-0.04432490095496178
-0.03869238868355751
-0.03172318637371063
-0.024469703435897827
-0.018107526004314423
-0.0129363052546978
-0.008218701928853989
-0.0030546903144568205
0.0025481744669377804
0.0074831657111644745
0.010465476661920547
0.011264923959970474
0.011123809963464737
0.011917322874069214
0.014760080724954605
0.019238077104091644
0.02388269454240799
0.02744545042514801
0.029850579798221588
0.03203577548265457
0.034889157861471176
0.03824812173843384
0.040821436792612076
0.041063278913497925
0.03822524845600128
0.03273878991603851
0.02572530135512352
0.018139302730560303
0.010291974991559982
0.0020660688169300556
-0.006525978446006775
-0.014980155974626541
-0.0224488265812397
-0.028221242129802704
-0.03206900507211685
-0.03423144668340683
-0.035114746540784836
-0.034997325390577316
-0.03398924320936203
-0.03215238079428673
-0.029590383172035217
-0.026409536600112915
-0.022578280419111252
-0.017855700105428696
-0.011925943195819855
-0.004690345376729965
0.0034702930133789778
0.01162896677851677
0.018554963171482086
0.023219715803861618
0.025263458490371704
0.025129694491624832
0.023759882897138596
0.021994508802890778
0.020090725272893906
0.017723288387060165
0.01446748897433281
0.01035015657544136
0.005972597748041153
0.002074827440083027
-0.0010826161596924067
-0.00393296405673027
-0.007175993174314499
-0.011069126427173615
-0.01506190374493599
-0.018114667385816574
-0.019433315843343735
-0.018955904990434647
-0.017180532217025757
-0.01458568125963211
-0.011251747608184814
-0.00704595074057579
-0.0021638006437569857
0.002583492547273636
0.006131116300821304
0.007882166653871536
0.00811975821852684
0.007736902683973312
0.007521741092205048
0.007650766521692276
0.00784173235297203
0.007920198142528534
0.008189868181943893
0.009262759238481522
0.01151183620095253
0.01471717283129692
0.01823291927576065
0.021387550979852676
0.02370215579867363
0.024754486978054047
0.02397656813263893
0.02086205780506134
0.015484273433685303
0.008766289800405502
0.002050328766927123
-0.003908995538949966
-0.00964708998799324
-0.016643159091472626
-0.02608092874288559
-0.03763153403997421
-0.04933348298072815
-0.058729346841573715
-0.06427454948425293
-0.0659337043762207
-0.06461197137832642
-0.061029914766550064
-0.055112455040216446
-0.04631296917796135
-0.034360695630311966
-0.019696570932865143
-0.003247621236369014
0.014096491038799286
0.03165483847260475
0.04868246614933014
0.06407183408737183
0.07647109031677246
0.08484268188476562
0.08891981840133667
0.0891076922416687
0.08596283197402954
0.07976198196411133
0.07058411836624146
0.058745790272951126
0.04502159357070923
0.03036770597100258
0.015429731458425522
0.0004065665416419506
-0.014503084123134613
-0.028539445251226425
-0.040368031710386276
-0.04880068451166153
-0.05370113253593445
-0.056158486753702164
-0.05764801427721977
-0.05885571613907814
-0.059146810322999954
-0.05720019340515137
-0.05229737237095833
-0.045142997056245804
-0.037541721016168594
-0.031197629868984222
-0.026633325964212418
-0.023073561489582062
-0.019295476377010345
-0.014733843505382538
-0.00994570180773735
-0.006105106323957443
-0.0040041543543338776
-0.003297108458355069
-0.002520533511415124
7.498738705180585e-05
0.005408983677625656
0.01288435235619545
0.02059222012758255
0.026325054466724396
0.028824057430028915
0.028494849801063538
0.02706729620695114
0.026454798877239227
0.027627751231193542
0.030218888074159622
0.03310559317469597
0.03543035313487053
0.037171099334955215
0.03891332074999809
0.04112144187092781
0.04354549199342728
0.04529031738638878
0.045400116592645645
0.04337175190448761
0.0392812080681324
0.033555369824171066
0.026641763746738434
0.018858738243579865
0.010375067591667175
0.0011755763553082943
-0.008921243250370026
-0.020082391798496246
-0.032107554376125336
-0.04420645162463188
-0.05527700483798981
-0.06456458568572998
-0.0721590518951416
-0.07875865697860718
-0.08470088243484497
-0.0890992283821106
-0.0899842381477356
-0.0855516791343689
-0.07559812068939209
-0.061869941651821136
-0.046940770000219345
-0.03252315893769264
-0.018604010343551636
-0.0040963441133499146
0.011646371334791183
0.027851220220327377
0.042703378945589066
0.05460578203201294
0.06308209896087646
0.06856870651245117
0.07149398326873779
0.07171463966369629
0.06892937421798706
0.06355607509613037
0.05701769143342972
0.05097615718841553
0.04610781371593475
0.04161061719059944
0.03599892184138298
0.028460409492254257
0.01959274336695671
0.010918423533439636
0.0036605920176953077
-0.0020206470508128405
-0.0067178308963775635
-0.010924343019723892
-0.01457040011882782
-0.017397433519363403
-0.019665002822875977
-0.022222336381673813
-0.025707904249429703
-0.029651641845703125
-0.032470766454935074
-0.03260713443160057
-0.02993563562631607
-0.02616707980632782
-0.02376599609851837
-0.024202905595302582
-0.026923194527626038
-0.02979767695069313
-0.030663136392831802
-0.028719983994960785
-0.024790994822978973
-0.02048756554722786
-0.017060667276382446
-0.014748506247997284
-0.012942079454660416
-0.010830901563167572
-0.007954325526952744
-0.004360668361186981
-0.0003886553458869457
0.0037111572455614805
0.008018024265766144
0.012915205210447311
0.018795747309923172
0.025629263371229172
0.03273055702447891
0.03892235830426216
0.04299283027648926
0.04421933740377426
0.04262406378984451
0.03882168233394623
0.03368964046239853
0.028107866644859314
0.02283552661538124
0.018430843949317932
0.015109766274690628
0.012648750096559525
0.010487094521522522
0.008064690977334976
0.005192454904317856
0.0020874696783721447
-0.0009213653393089771
-0.0037127600517123938
-0.006471738219261169
-0.009465333074331284
-0.01281696930527687
-0.016612738370895386
-0.02114659920334816
-0.026932381093502045
-0.03427544981241226
-0.042656391859054565
-0.05058228224515915
-0.056210219860076904
-0.05832656845450401
-0.056896988302469254
-0.05273992940783501
-0.046695858240127563
-0.039084337651729584
-0.029865268617868423
-0.01919572427868843
-0.007671624422073364
0.004039481282234192
0.01566234603524208
0.02723066508769989
0.038463227450847626
0.04828300327062607
0.05523214489221573
0.058633845299482346
0.05934685468673706
0.05921461060643196
0.05948349088430405
0.05952497944235802
0.05718294158577919
0.050578247755765915
0.03979753330349922
0.02698061615228653
0.01472240686416626
0.004280108958482742
-0.004794098436832428
-0.013426665216684341
-0.02154575288295746
-0.027899231761693954
-0.031339362263679504
-0.0322105810046196
-0.03238483890891075
-0.03377041593194008
-0.03662555664777756
-0.03929775953292847
-0.03961746767163277
-0.03667135164141655
-0.03145559877157211
-0.02592463791370392
-0.02141702175140381
-0.017885886132717133
-0.014387954026460648
-0.010178420692682266
-0.005403138697147369
-0.000886562280356884
0.0025728181935846806
0.004665728658437729
0.005532391369342804
0.005477491766214371
0.004781559109687805
0.003705285955220461
0.0025563675444573164
0.0016846130602061749
0.0014755271840840578
0.002432196168228984
0.005155596882104874
0.010035473853349686
0.01675872504711151
0.024062875658273697
0.030221428722143173
0.03407098352909088
0.03572351858019829
0.036295078694820404
0.03675210103392601
0.03685203939676285
0.03523607924580574
0.030663233250379562
0.023252010345458984
0.014523912221193314
0.0061649903655052185
-0.001338820206001401
-0.008887700736522675
-0.017534472048282623
-0.027020111680030823
-0.03554088994860649
-0.04100051149725914
-0.042655788362026215
-0.04166252911090851
-0.04001236706972122
-0.038878150284290314
-0.03781929984688759
-0.035431232303380966
-0.030730828642845154
-0.0239936001598835
-0.01644812524318695
-0.009348776191473007
-0.0033500439021736383
0.0014512825291603804
0.005166161805391312
0.007991399616003036
0.010389700531959534
0.013073951005935669
0.016514673829078674
0.020373377948999405
0.023543279618024826
0.025065235793590546
0.025186769664287567
0.025453265756368637
0.02754519134759903
0.03172241151332855
0.03630511835217476
0.038824718445539474
0.03792577236890793
0.03434969484806061
0.03009117767214775
0.026512067764997482
0.023097842931747437
0.01794927567243576
0.009590920060873032
-0.0016235278453677893
-0.013759288936853409
-0.024820402264595032
-0.034121181815862656
-0.042243070900440216
-0.04974747449159622
-0.05606954172253609
-0.059697289019823074
-0.05950150638818741
-0.05590337887406349
-0.050641417503356934
-0.045330941677093506
-0.04014044627547264
-0.03381029888987541
-0.025026287883520126
-0.013878826051950455
-0.0020919356029480696
0.0081707201898098
0.01583845540881157
0.021453171968460083
0.026348352432250977
0.03138138726353645
0.03635551407933235
0.04049905017018318
0.043395236134529114
0.04532232880592346
0.04666992649435997
0.04719313979148865
0.04593122377991676
0.041991762816905975
0.035590577870607376
0.02824133262038231
0.02180805429816246
0.017238400876522064
0.013958767056465149
0.01043829694390297
0.005466688424348831
-0.0009460190776735544
-0.007684759795665741
-0.013408217579126358
-0.017383478581905365
-0.01966215670108795
-0.020705804228782654
-0.020993754267692566
-0.020978465676307678
-0.021252863109111786
-0.02247319370508194
-0.024887870997190475
-0.027872595936059952
-0.03003883734345436
-0.03011758252978325
-0.028023958206176758
-0.025130659341812134
-0.023406267166137695
-0.02395918220281601
-0.026094000786542892
-0.027748364955186844
-0.02698260173201561
-0.023320648819208145
-0.01791876181960106
-0.012437891215085983
-0.007614925503730774
-0.0027946368791162968
0.0032358081080019474
0.010887928307056427
0.01909811794757843
0.025972958654165268
0.030199013650417328
0.03196941688656807
0.03265015780925751
0.033511221408843994
0.03466001898050308
0.03510114550590515
0.03376396372914314
0.030541136860847473
0.026404961943626404
0.022526931017637253
0.01932501047849655
0.016298331320285797
0.012720532715320587
0.008509136736392975
0.004394754767417908
0.0012814889196306467
-0.0005029572639614344
-0.001365365693345666
-0.0019476909656077623
-0.0025449730455875397
-0.0030433745123445988
-0.003365412587299943
-0.0037841543089598417
-0.004691790789365768
-0.006115075200796127
-0.007582172751426697
-0.00868002325296402
-0.009781785309314728
-0.011972736567258835
-0.01600082963705063
-0.02115708962082863
-0.02531515061855316
-0.026465333998203278
-0.024538163095712662
-0.021766599267721176
-0.020944111049175262
-0.022908121347427368
-0.02556457743048668
-0.025542259216308594
-0.02123448997735977
-0.014545444399118423
-0.009568311274051666
-0.009159110486507416
-0.0123441182076931
-0.014894042164087296
-0.012725703418254852
-0.005277406424283981
0.00408930703997612
0.01099734753370285
0.01368005946278572
0.01420677825808525
0.01632530242204666
0.021905113011598587
0.029219433665275574
0.03453809767961502
0.03548213839530945
0.03313414007425308
0.03103354573249817
0.03197777271270752
0.03553042560815811
0.03840162605047226
0.03724953532218933
0.031395409256219864
0.023165639489889145
0.01573571190237999
0.010553080588579178
0.006599489599466324
0.0018544672057032585
-0.004585430026054382
-0.011718086898326874
-0.01776939257979393
-0.021890852600336075
-0.024734176695346832
-0.027490857988595963
-0.030515123158693314
-0.03303094953298569
-0.034159380942583084
-0.03405946120619774
-0.03386305272579193
-0.034396324306726456
-0.035075124353170395
-0.034295208752155304
-0.031094443053007126
-0.02635449543595314
-0.02208716794848442
-0.01930989697575569
-0.01660628616809845
-0.011069167405366898
-0.0011217596475034952
0.011383205652236938
0.02204841375350952
0.027319014072418213
0.027469612658023834
0.026412073522806168
0.028263863176107407
0.03372734785079956
0.03957883641123772
0.04163789749145508
0.038495246320962906
0.032581716775894165
0.027622763067483902
0.02507820352911949
0.022999558597803116
0.01828497275710106
0.010125372558832169
0.0012221809010952711
-0.004467271268367767
-0.005306705832481384
-0.003520644037052989
-0.003249330911785364
-0.006955601274967194
-0.013425033539533615
-0.019033368676900864
-0.02101733908057213
-0.019689060747623444
-0.01780596747994423
-0.01797718182206154
-0.020452380180358887
-0.023159179836511612
-0.023667484521865845
-0.021151825785636902
-0.016868289560079575
-0.013059210032224655
-0.011340174823999405
-0.011765576899051666
-0.013030961155891418
-0.013368409126996994
-0.01151268556714058
-0.007409989833831787
-0.002269182587042451
0.0021512785460799932
0.00461149588227272
0.005232524126768112
0.005390480160713196
0.006546050310134888
0.009008418768644333
0.011734601110219955
0.013339441269636154
0.013477183878421783
0.013233698904514313
0.013984527438879013
0.01590047776699066
0.017632003873586655
0.017534952610731125
0.015433989465236664
0.013100773096084595
0.012754939496517181
0.015001382678747177
0.01806699112057686
0.019107460975646973
0.0165773406624794
0.011472634971141815
0.006362151354551315
0.0032414491288363934
0.002104738261550665
0.0013546287082135677
-0.0004976154305040836
-0.003553491085767746
-0.006778929382562637
-0.0091949962079525
-0.010749667882919312
-0.012147407978773117
-0.013888172805309296
-0.015718158334493637
-0.017084836959838867
-0.01788284257054329
-0.018718566745519638
-0.020392119884490967
-0.023031316697597504
-0.025857508182525635
-0.027773868292570114
-0.028092212975025177
-0.026791032403707504
-0.02416413277387619
-0.02036047726869583
-0.015398573130369186
-0.009521078318357468
-0.00337210507132113
0.002301689237356186
0.007216639816761017
0.01173928752541542
0.016436446458101273
0.0214504636824131
0.026295255869627
0.030286312103271484
0.0331079326570034
0.0348307229578495
0.035432036966085434
0.034438975155353546
0.03123725950717926
0.025920294225215912
0.019763175398111343
0.014610834419727325
0.011524137109518051
0.009844914078712463
0.0076499879360198975
0.0033667804673314095
-0.0028190515004098415
-0.009044971317052841
-0.0132746621966362
-0.014902405440807343
-0.015093162655830383
-0.015602286905050278
-0.0172298401594162
-0.019331879913806915
-0.020657338201999664
-0.020550493150949478
-0.019351691007614136
-0.017726179212331772
-0.015781041234731674
-0.013045817613601685
-0.009372849017381668
-0.005695860832929611
-0.003678112057968974
-0.004321727901697159
-0.006766960024833679
-0.008657239377498627
-0.007944189012050629
-0.004618775099515915
-0.0008960356935858727
0.0005508260801434517
-0.0010660875122994184
-0.0038337791338562965
-0.004511147737503052
-0.0010221798438578844
0.005849361419677734
0.013020001351833344
0.017402760684490204
0.018030453473329544
0.016478843986988068
0.015397477895021439
0.01643126830458641
0.01918948069214821
0.0218910351395607
0.02292444556951523
0.021872837096452713
0.019267935305833817
0.0155697762966156
0.010470911860466003
0.0033798085059970617
-0.005321260541677475
-0.0136214978992939
-0.018692925572395325
-0.01889907196164131
-0.015496477484703064
-0.012235987931489944
-0.012822899967432022
-0.01804336905479431
-0.02473229542374611
-0.02774858847260475
-0.0237477645277977
-0.013816677033901215
-0.0029242525342851877
0.003455344121903181
0.003057813970372081
-0.0019331069197505713
-0.006853356957435608
-0.007939361035823822
-0.004504244774580002
0.0015099330339580774
0.007694534957408905
0.012900389730930328
0.0172918401658535
0.021129176020622253
0.023762516677379608
0.023953545838594437
0.02106066420674324
0.01582667976617813
0.010050911456346512
0.0054680295288562775
0.0028545346576720476
0.001966000534594059
0.002060688566416502
0.0023971658665686846
0.0023185336031019688
0.001220072153955698
-0.0012252235319465399
-0.004766490310430527
-0.008558958768844604
-0.011642999947071075
-0.013597443699836731
-0.014683526009321213
-0.015387490391731262
-0.01585850492119789
-0.01579492911696434
-0.014864809811115265
-0.013080991804599762
-0.010724853724241257
-0.008004151284694672
-0.004973553121089935
-0.001971530495211482
7.90265912655741e-05
0.00016048175166361034
-0.0018042970914393663
-0.0043458491563797
-0.005277018994092941
-0.003498525358736515
-2.7279966161586344e-05
0.002882357919588685
0.004010848701000214
0.004601605236530304
0.007129281759262085
0.012480013072490692
0.018261712044477463
0.020250242203474045
0.016278419643640518
0.008877694606781006
0.003860925557091832
0.005790412425994873
0.01400715485215187
0.022855546325445175
0.026091475039720535
0.021554607897996902
0.01226094737648964
0.003364109667018056
-0.0020491769537329674
-0.004568465054035187
-0.006596997380256653
-0.009453799575567245
-0.012285277247428894
-0.013468153774738312
-0.012622382491827011
-0.01099284365773201
-0.010110393166542053
-0.010372769087553024
-0.010986868292093277
-0.011082842946052551
-0.010465651750564575
-0.009274769574403763
-0.007351875305175781
-0.004456747323274612
-0.0013479995541274548
-0.00010715691314544529
-0.002552298130467534
-0.0079566091299057
-0.012533601373434067
-0.011987954378128052
-0.005453705787658691
0.0029574863146990538
0.007077455520629883
0.0038906133268028498
-0.003613026812672615
-0.008758094161748886
-0.006869111210107803
0.0007458843756467104
0.008129902184009552
0.010093048214912415
0.006705541163682938
0.002771634142845869
0.003104523755609989
0.008184261620044708
0.014060575515031815
0.016315877437591553
0.014067746698856354
0.010264992713928223
0.008402451872825623
0.00908319279551506
0.009748231619596481
0.007553614675998688
0.0023490265011787415
-0.003071906277909875
-0.005535118281841278
-0.004277877509593964
-0.001405979972332716
0.0001383728376822546
-0.0008880922105163336
-0.003217287128791213
-0.004434466361999512
-0.0030588319059461355
0.0003156287129968405
0.0034758171532303095
0.004122961312532425
0.0013650013133883476
-0.003637156216427684
-0.008178606629371643
-0.009562376886606216
-0.006946779787540436
-0.0022606065031141043
0.0007820236496627331
-0.0007032800931483507
-0.006351228803396225
-0.012472018599510193
-0.01478678360581398
-0.011940259486436844
-0.006742376834154129
-0.003792348550632596
-0.00533246248960495
-0.00904175266623497
-0.009992450475692749
-0.005170911550521851
0.0034982487559318542
0.010491415858268738
0.011443674564361572
0.00704675167798996
0.0024523939937353134
0.002703459933400154
0.008232269436120987
0.014535978436470032
0.01636112481355667
0.012424837797880173
0.006374973803758621
0.003219750477001071
0.004564445465803146
0.007169201970100403
0.006231576204299927
0.0002456360962241888
-0.00725221261382103
-0.010699328035116196
-0.007540613412857056
-0.0006725089624524117
0.004129637032747269
0.0034263674169778824
-0.0009013365488499403
-0.0035412416327744722
-0.0007856844458729029
0.0059306807816028595
0.011310011148452759
0.011010047048330307
0.00547441840171814
-0.0006967948284000158
-0.003129709279164672
-0.001629306934773922
-2.689356915652752e-05
-0.00225790124386549
-0.008524913340806961
-0.01518690213561058
-0.018336482346057892
-0.017445433884859085
-0.015560619533061981
-0.015960730612277985
-0.01865970715880394
-0.020310785621404648
-0.017584580928087234
-0.01067330315709114
-0.0034612882882356644
-8.933813660405576e-05
-0.0011910456232726574
-0.0033316812478005886
-0.0020907046273350716
0.004062611609697342
0.012640204280614853
0.01957876980304718
0.022667843848466873
0.022909250110387802
0.023011542856693268
0.02471640333533287
0.027505837380886078
0.029485709965229034
0.028971895575523376
0.02531149983406067
0.018778666853904724
0.01030062511563301
0.0016661826521158218
-0.004469219595193863
-0.00589936226606369
-0.0029477227944880724
0.0007535540498793125
0.0003423511516302824
-0.006332289427518845
-0.01631723716855049
-0.023390911519527435
-0.023156650364398956
-0.017086930572986603
-0.011557083576917648
-0.012270558625459671
-0.018997807055711746
-0.02561435103416443
-0.025627385824918747
-0.01829543337225914
-0.00962432473897934
-0.007037173956632614
-0.012564662843942642
-0.020807519555091858
-0.02353670448064804
-0.016832955181598663
-0.004293721169233322
0.006460051983594894
0.010421395301818848
0.008810102939605713
0.006857719272375107
0.008430775254964828
0.012742385268211365
0.016111664474010468
0.016422603279352188
0.015339061617851257
0.0162336565554142
0.020216986536979675
0.024450495839118958
0.024735797196626663
0.019807890057563782
0.012823984026908875
0.008567918092012405
0.009079929441213608
0.0118328295648098
0.01224525272846222
0.007967449724674225
0.0008093661163002253
-0.005121532827615738
-0.007105771452188492
-0.005805898457765579
-0.003944795578718185
-0.00360686331987381
-0.004852354526519775
-0.006503976881504059
-0.007832199335098267
-0.009053364396095276
-0.010383795946836472
-0.011302880942821503
-0.011098355054855347
-0.010054580867290497
-0.00963621586561203
-0.010973740369081497
-0.013178978115320206
-0.01363181322813034
-0.010502833873033524
-0.005166966468095779
-0.001693954924121499
-0.003371220314875245
-0.009291373193264008
-0.014422368258237839
-0.01362592726945877
-0.006149958819150925
0.0034939006436616182
0.009147383272647858
0.008017979562282562
0.0025744473095983267
-0.002159272786229849
-0.0030411879997700453
-0.0009777010418474674
0.0007851277478039265
0.00026103993877768517
-0.0014202629681676626
-0.001422629225999117
0.0020085617434233427
0.008207548409700394
0.015136249363422394
0.02133946120738983
0.02657487988471985
0.030646096915006638
0.032289404422044754
0.02980624884366989
0.022983569651842117
0.0142449289560318
0.007377102971076965
0.00462443009018898
0.00487348809838295
0.004719212651252747
0.0014936716761440039
-0.004523996263742447
-0.010688520967960358
-0.014624372124671936
-0.01625989004969597
-0.017341934144496918
-0.019196610897779465
-0.021189052611589432
-0.021456848829984665
-0.01914948970079422
-0.015738077461719513
-0.013885490596294403
-0.014960411936044693
-0.017601460218429565
-0.018740352243185043
-0.016194581985473633
-0.010421443730592728
-0.003961525857448578
0.000633731484413147
0.0024552319664508104
0.002227835124358535
0.001100726192817092
-0.00019879867613781244
-0.0011194306425750256
-0.0007496590260416269
0.0019693842623382807
0.007198899984359741
0.013442594558000565
0.018272720277309418
0.020216654986143112
0.020035088062286377
0.019916757941246033
0.0211435966193676
0.022418223321437836
0.020596452057361603
0.013563398271799088
0.0027827834710478783
-0.007016230374574661
-0.011061146855354309
-0.008176792412996292
-0.001793449278920889
0.002613085089251399
0.001633159350603819
-0.00359905743971467
-0.008488032966852188
-0.008686322718858719
-0.0034544479567557573
0.0038468714337795973
0.008386082947254181
0.00748864933848381
0.0024721857625991106
-0.002619671868160367
-0.004321962594985962
-0.0025104773230850697
-0.0004727453924715519
-0.002189098857343197
-0.008913423866033554
-0.017805669456720352
-0.023819036781787872
-0.02339494228363037
-0.017065729945898056
-0.008900351822376251
-0.003233020892366767
-0.0014821146614849567
-0.0016666839364916086
-0.0007909771520644426
0.0021828997414559126
0.005643852055072784
0.007385551929473877
0.007082037627696991
0.006689194589853287
0.008231498301029205
0.011174812912940979
0.012446973472833633
0.009381745010614395
0.002759144641458988
-0.0030680315103381872
-0.0036181381437927485
0.001567797502502799
0.008150458335876465
0.010513290762901306
0.006485749036073685
-0.0008907236624509096
-0.006128761917352676
-0.006069779396057129
-0.0022818774450570345
0.0009476195555180311
0.000767438905313611
-0.001911413623020053
-0.003838861593976617
-0.0028927321545779705
-8.618517313152552e-06
0.0021877705585211515
0.0023286768700927496
0.0015956857241690159
0.0021195043809711933
0.004334818571805954
0.006144046783447266
0.004983246326446533
0.0006267335265874863
-0.004314489662647247
-0.006752952933311462
-0.006181444972753525
-0.0052884966135025024
-0.007284872233867645
-0.01258515939116478
-0.017923593521118164
-0.01883646473288536
-0.013452336192131042
-0.004129059612751007
0.004330947995185852
0.008181244134902954
0.007125001400709152
0.003940172493457794
0.002154948189854622
0.003774763084948063
0.008426260203123093
0.013983543962240219
0.017808236181735992
0.01797771081328392
0.014293249696493149
0.008625593036413193
0.004064638167619705
0.002946713240817189
0.0049411840736866
0.006972894072532654
0.0056047700345516205
0.00012930463708471507
-0.006414096802473068
-0.00951000303030014
-0.007140669971704483
-0.0018947352655231953
0.0010703923180699348
-0.001459878170862794
-0.007790941745042801
-0.012696769088506699
-0.012095995247364044
-0.006779991090297699
-0.001773841679096222
-0.0018071327358484268
-0.007050227373838425
-0.013078093528747559
-0.014802239835262299
-0.010758347809314728
-0.004062894731760025
0.0006791043560951948
0.0012299527879804373
-0.0011522294953465462
-0.0036478827241808176
-0.004651453346014023
-0.004579067230224609
-0.004319339990615845
-0.0036429238971322775
-0.001408688724040985
0.0027220305055379868
0.007177442312240601
0.009576387703418732
0.00897463783621788
0.0069034770131111145
0.005965251475572586
0.007267661392688751
0.00940759852528572
0.010058816522359848
0.008506450802087784
0.006461914628744125
0.006212793290615082
0.008058696985244751
0.009795788675546646
0.008901320397853851
0.00525350496172905
0.0015000374987721443
0.0005389999132603407
0.002686396474018693
0.00546589121222496
0.006223965436220169
0.004848174750804901
0.003616094123572111
0.004221577197313309
0.005216054618358612
0.002892793621867895
-0.004757240414619446
-0.014892719686031342
-0.021151360124349594
-0.018892202526330948
-0.009789355099201202
-0.0012427754700183868
-0.0004958501085639
-0.008449152112007141
-0.01872909441590309
-0.02300715073943138
-0.018085908144712448
-0.008511658757925034
-0.0023544556461274624
-0.00402165949344635
-0.010430008172988892
-0.013787131756544113
-0.00851672887802124
0.003871611086651683
0.01606600359082222
0.02093866467475891
0.01707814633846283
0.00925920158624649
0.003889047773554921
0.0038259951397776604
0.006825901567935944
0.008384928107261658
0.005974806845188141
0.0008504444267600775
-0.003606278682127595
-0.00500575453042984
-0.003563783597201109
-0.0009972157422453165
0.0015686696860939264
0.00438082218170166
0.007960915565490723
0.011470817029476166
0.012606725096702576
0.009473323822021484
0.0026453149039298296
-0.004644714295864105
-0.008617900311946869
-0.007719345390796661
-0.003631729632616043
0.0003341611009091139
0.0018942528404295444
0.001266653649508953
0.0004512679297477007
0.0010928604751825333
0.0030623460188508034
0.004956591874361038
0.00565759465098381
0.0053847841918468475
0.005210220813751221
0.005638226866722107
0.005920369178056717
0.004778999835252762
0.0018455281388014555
-0.0016057516913861036
-0.003592664608731866
-0.003274518297985196
-0.0019713982474058867
-0.002299837302416563
-0.005954619497060776
-0.011955425143241882
-0.01696450635790825
-0.017589546740055084
-0.012934897094964981
-0.005486492067575455
0.00036873016506433487
0.001225384883582592
-0.0031515334267169237
-0.009892445057630539
-0.01509154587984085
-0.01636602357029915
-0.014089461416006088
-0.010419007390737534
-0.007238693535327911
-0.004800539463758469
-0.0019885539077222347
0.0020227795466780663
0.0064055658876895905
0.009189426898956299
0.009161710739135742
0.00737510621547699
0.0066763050854206085
0.009190384298563004
0.013960342854261398
0.017217736691236496
0.01545465737581253
0.008919592946767807
0.0022540604695677757
0.0011282204650342464
0.007441386580467224
0.017157655209302902
0.023041918873786926
0.020433004945516586
0.011168792843818665
0.002254599705338478
0.00017109268810600042
0.005507804453372955
0.012601647526025772
0.014394253492355347
0.008365925401449203
-0.0014848210848867893
-0.008341129869222641
-0.00839606299996376
-0.003695992287248373
0.00010298087727278471
-0.0010540538933128119
-0.006263352930545807
-0.01114773377776146
-0.012386906892061234
-0.010952658951282501
-0.011071741580963135
-0.01594100147485733
-0.02430306375026703
-0.031053461134433746
-0.03143930062651634
-0.02515057474374771
-0.016641691327095032
-0.011504068970680237
-0.011952970176935196
-0.01513085886836052
-0.01555125042796135
-0.009467039257287979
0.002200318267568946
0.014332123100757599
0.021032575517892838
0.019411638379096985
0.011242657899856567
0.0017994872760027647
-0.0032678262796252966
-0.0012287779245525599
0.006170511245727539
0.013901956379413605
0.01699654385447502
0.01395261287689209
0.007883790880441666
0.004308946430683136
0.006868191063404083
0.01430484652519226
0.021283898502588272
0.02251134067773819
0.01703304424881935
0.009050104767084122
0.004335299134254456
0.005492929369211197
0.010075513273477554
0.012996435165405273
0.011129047721624374
0.005731519311666489
0.0005871113389730453
-0.0019515142776072025
-0.003232718678191304
-0.006678134202957153
-0.013760730624198914
-0.02169494703412056
-0.02521708607673645
-0.020957060158252716
-0.010608118027448654
-5.5117227020673454e-05
0.004782494157552719
0.0019108576234430075
-0.005896996706724167
-0.013520807027816772
-0.016796845942735672
-0.014314822852611542
-0.007199738174676895
0.002086970256641507
0.010698020458221436
0.015957824885845184
0.01615229621529579
0.011560078710317612
0.004787109792232513
-0.000494958134368062
-0.0019143358804285526
-6.893671525176615e-05
0.001967724645510316
0.0010909009724855423
-0.0034106611274182796
-0.009436089545488358
-0.013821940869092941
-0.01477053016424179
-0.012980703264474869
-0.010675005614757538
-0.009720873087644577
-0.010496962815523148
-0.012061115354299545
-0.013064812868833542
-0.01252029463648796
-0.009990844875574112
-0.005536194890737534
6.93941256031394e-05
0.00520160049200058
0.007972292602062225
0.0074323974549770355
0.004731990396976471
0.0029554625507444143
0.005094047635793686
0.011688236147165298
0.020025502890348434
0.02574789896607399
0.026067867875099182
0.021985672414302826
0.01750219240784645
0.01644238457083702
0.0193181075155735
0.022721387445926666
0.02199448272585869
0.015045855194330215
0.004119995981454849
-0.005795516073703766
-0.010652005672454834
-0.010154355317354202
-0.007417086511850357
-0.005988400429487228
-0.006942804902791977
-0.008487846702337265
-0.008238762617111206
-0.005975015461444855
-0.004243072122335434
-0.0062142424285411835
-0.012736819684505463
-0.021083172410726547
-0.026589229702949524
-0.025858264416456223
-0.018818028271198273
-0.008398212492465973
0.00148164969868958
0.007943667471408844
0.009831741452217102
0.007349297404289246
0.001756038749590516
-0.004638414829969406
-0.008928563445806503
-0.009128957986831665
-0.005888272076845169
-0.0025684842839837074
-0.002823861315846443
-0.007087830454111099
-0.011255193501710892
-0.00958448275923729
3.983738133683801e-05
0.013017907738685608
0.0205894336104393
0.01674267277121544
0.0038122828118503094
-0.008492670953273773
-0.010588929057121277
-0.0009534885175526142
0.012434404343366623
0.018696662038564682
0.013278089463710785
0.0016624045092612505
-0.005710341036319733
-0.0027006594464182854
0.007327236235141754
0.01501321792602539
0.013823304325342178
0.0058602504432201385
-0.0005341866053640842
0.0010073340963572264
0.008626129478216171
0.014001935720443726
0.010314516723155975
-0.0012051207013428211
-0.012111492455005646
-0.014256060123443604
-0.006943926215171814
0.0028787092305719852
0.007093328982591629
0.003385003423318267
-0.003523574909195304
-0.00703158974647522
-0.004712563008069992
0.0003406219184398651
0.003461425192654133
0.0032686099875718355
0.0024205611553043127
0.0039021638222038746
0.007158394902944565
0.008147496730089188
0.0033832311164587736
-0.006090231239795685
-0.015040185302495956
-0.018427472561597824
-0.015612352639436722
-0.01058795303106308
-0.00816119834780693
-0.009813819080591202
-0.013055864721536636
-0.014432772994041443
-0.012905456125736237
-0.010399281978607178
-0.009409166872501373
-0.01028069481253624
-0.01085929200053215
-0.008614715188741684
-0.0028978977352380753
0.004693858325481415
0.011772885918617249
0.01674778386950493
0.019146420061588287
0.019005920737981796
0.016632266342639923
0.01315302774310112
0.010783404111862183
0.011627968400716782
0.015557259321212769
0.019328471273183823
0.018443718552589417
0.010801617056131363
-0.0008088285103440285
-0.010064911097288132
-0.011647257953882217
-0.005177590996026993
0.004660747945308685
0.011945951730012894
0.013892363756895065
0.011830747127532959
0.008526377379894257
0.004962872713804245
-0.0001643325376790017
-0.007706604897975922
-0.01532750204205513
-0.01853518933057785
-0.014984000474214554
-0.00782027468085289
-0.004255339503288269
-0.009436286985874176
-0.0209210142493248
-0.02962673455476761
-0.027198009192943573
-0.013743363320827484
0.0012182765640318394
0.006406031548976898
-0.0012788407038897276
-0.013573560863733292
-0.017793651670217514
-0.008069068193435669
0.009094253182411194
0.020258847624063492
0.01701580360531807
0.003546006977558136
-0.00717974454164505
-0.005135398358106613
0.007647152990102768
0.019117195159196854
0.018617697060108185
0.0068703144788742065
-0.00475267693400383
-0.004962477833032608
0.006642293184995651
0.01893765851855278
0.01958134025335312
0.006687622517347336
-0.009027905762195587
-0.01367468386888504
-0.0026344554498791695
0.015214800834655762
0.025265827775001526
0.019739679992198944
0.003893981222063303
-0.009066648781299591
-0.009434647858142853
0.0013522962108254433
0.012968938797712326
0.015333686023950577
0.00633399561047554
-0.007673483341932297
-0.017866741865873337
-0.019637450575828552
-0.014556698501110077
-0.007615167647600174
-0.0032070644665509462
-0.0027399552054703236
-0.0049039945006370544
-0.007290244102478027
-0.0077745504677295685
-0.005586270242929459
-0.0019069346599280834
0.0006609829142689705
-8.884169801604003e-05
-0.0038357458543032408
-0.007325429469347
-0.006903357803821564
-0.0021685392130166292
0.0029241021256893873
0.0031996334437280893
-0.0026570179034024477
-0.009856291115283966
-0.010977525264024734
-0.0026681518647819757
0.010501675307750702
0.019092697650194168
0.016555823385715485
0.004919271916151047
-0.00680430606007576
-0.0102679543197155
-0.00459989532828331
0.003558126511052251
0.006388410925865173
0.0017141576390713453
-0.00580182671546936
-0.009614311158657074
-0.007203221321105957
-0.0014830725267529488
0.0028429534286260605
0.0037696410436183214
0.003038880182430148
0.003258360316976905
0.004661135375499725
0.00520738959312439
0.0034599106293171644
0.0007408971432596445
0.0001287452905671671
0.003134248312562704
0.007786855101585388
0.010510869324207306
0.009798843413591385
0.007818996906280518
0.008136563003063202
0.011587955057621002
0.01471497118473053
0.012802965939044952
0.004680141806602478
-0.005437776446342468
-0.011159274727106094
-0.009525246918201447
-0.0037642738316208124
-0.00045460788533091545
-0.0035414136946201324
-0.010696351528167725
-0.015421118587255478
-0.012974254786968231
-0.0048130713403224945
0.002412425819784403
0.0024571986868977547
-0.005199521780014038
-0.014783374965190887
-0.01871565356850624
-0.013277940452098846
-0.0009938012808561325
0.011583026498556137
0.01841174066066742
0.017246518284082413
0.009754486382007599
-0.00048607029020786285
-0.010009251534938812
-0.016410820186138153
-0.018393918871879578
-0.015871133655309677
-0.010369494557380676
-0.004678364843130112
-0.0013883677311241627
-0.001231468515470624
-0.002455415204167366
-0.002229989506304264
0.0008837699424475431
0.005697924643754959
0.009341292083263397
0.0097261443734169
0.007443927228450775
0.005180824548006058
0.005327966064214706
0.007822532206773758
0.010051190853118896
0.009178820997476578
0.004755239933729172
-0.0005162553861737251
-0.002330314600840211
0.0021730861626565456
0.012134857475757599
0.023016754537820816
0.028802689164876938
0.02541659027338028
0.013311799615621567
-0.0023967381566762924
-0.01446455717086792
-0.017761103808879852
-0.012567758560180664
-0.004460986703634262
-0.0005083002615720034
-0.0040040165185928345
-0.01184258982539177
-0.016995683312416077
-0.014412887394428253
-0.00577206164598465
0.0012269127182662487
-0.0009302825201302767
-0.01284307986497879
-0.026717327535152435
-0.03188568726181984
-0.023280691355466843
-0.005801897495985031
0.009275160729885101
0.013012085109949112
0.0056653209030628204
-0.0039780884981155396
-0.0061662457883358
0.0018769814632833004
0.014113299548625946
0.02124662697315216
0.01868254318833351
0.010025139898061752
0.003494277596473694
0.004555027931928635
0.011328842490911484
0.01671447604894638
0.0148809514939785
0.006477382034063339
-0.0019319273997098207
-0.003721349174156785
0.002102105412632227
0.010132800787687302
0.01312001422047615
0.007988207042217255
-0.0019466218072921038
-0.010089140385389328
-0.011933434754610062
-0.008359696716070175
-0.004302874207496643
-0.004409041255712509
-0.00968027114868164
-0.017262190580368042
-0.022892914712429047
-0.02375141531229019
-0.01952609419822693
-0.011861581355333328
-0.003411319339647889
0.0030798139050602913
0.005697719752788544
0.0044296421110630035
0.0017384786624461412
0.0012560028117150068
0.005006186664104462
0.011393744498491287
0.015886276960372925
0.014734901487827301
0.008715402334928513
0.002864043228328228
0.0022139395587146282
0.007071472704410553
0.012124810367822647
0.011028852313756943
0.0023975323420017958
-0.008527304977178574
-0.013993460685014725
-0.010243955999612808
-0.0006033366080373526
0.007836651057004929
0.010407496243715286
0.008047442883253098
0.005047310143709183
0.003971125930547714
0.0031768532935529947
-0.0005258687306195498
-0.00734526664018631
-0.013187982141971588
-0.013162434101104736
-0.006568878889083862
0.0017727494705468416
0.0054934024810791016
0.002037748694419861
-0.00572427362203598
-0.012780413031578064
-0.01657511666417122
-0.01800895854830742
-0.018194299191236496
-0.015404775738716125
-0.006153713911771774
0.010059665888547897
0.02724350243806839
0.03558691591024399
0.02902393788099289
0.010916091501712799
-0.007576264441013336
-0.015593551099300385
-0.010514173656702042
0.0011204639449715614
0.010034918785095215
0.011584963649511337
0.007838644087314606
0.0036381424870342016
0.0013459878973662853
-0.00022486664238385856
-0.0024429105687886477
-0.003813469083979726
-0.0011927513405680656
0.0058952681720256805
0.01286376640200615
0.013047661632299423
0.003931179642677307
-0.009570367634296417
-0.018685761839151382
-0.01839824765920639
-0.012008823454380035
-0.008019495755434036
-0.012091878801584244
-0.021713756024837494
-0.028520818799734116
-0.02612276002764702
-0.016037236899137497
-0.005978893488645554
-0.002319397171959281
-0.004153519868850708
-0.004641469568014145
0.0018454124219715595
0.013836666941642761
0.023728806525468826
0.024752460420131683
0.017363205552101135
0.008870057761669159
0.007000435143709183
0.013508874922990799
0.023304924368858337
0.029551025480031967
0.029442939907312393
0.02529764547944069
0.020863108336925507
0.01710284873843193
0.0118093341588974
0.0031807697378098965
-0.006825141608715057
-0.013244304805994034
-0.012526225298643112
-0.006349019706249237
-0.0009610697161406279
-0.0022041916381567717
-0.010569151490926743
-0.02082044631242752
-0.026429228484630585
-0.02494034543633461
-0.019684843719005585
-0.016475167125463486
-0.0183437317609787
-0.02281823381781578
-0.024074748158454895
-0.0180104598402977
-0.005857937037944794
0.006384480744600296
0.012242190539836884
0.009369369596242905
0.0009227979462593794
-0.006996762007474899
-0.009731475263834
-0.0068062059581279755
-0.0011911701876670122
0.0037812995724380016
0.007201679050922394
0.010589715093374252
0.01532900333404541
0.020238138735294342
0.021649260073900223
0.01637529954314232
0.0052096061408519745
-0.006313685327768326
-0.010968543589115143
-0.004797361791133881
0.009661983698606491
0.02446162700653076
0.0309084951877594
0.024662304669618607
0.00816648080945015
-0.010764166712760925
-0.023097172379493713
-0.023138921707868576
-0.011241190135478973
0.0063852593302726746
0.02058481052517891
0.023966070264577866
0.015058469027280807
-0.0008093297947198153
-0.014634937047958374
-0.019284386187791824
-0.013912796974182129
-0.003812059061601758
0.004017680883407593
0.005793869495391846
0.0026763693895190954
-0.0016193974297493696
-0.004777692258358002
-0.007452234625816345
-0.01107189804315567
-0.014775924384593964
-0.015091046690940857
-0.00893467664718628
0.0025937529280781746
0.013564612716436386
0.01706838235259056
0.010226722806692123
-0.003784170374274254
-0.018074747174978256
-0.02672944962978363
-0.027786776423454285
-0.022651128470897675
-0.01372593641281128
-0.0028371638618409634
0.008426330983638763
0.017659243196249008
0.021959088742733
0.019766632467508316
0.012402202934026718
0.0036598534788936377
-0.002327945316210389
-0.0031850002706050873
0.0010478042531758547
0.008540842682123184
0.01646551862359047
0.02140580490231514
0.02019328996539116
0.011716287583112717
-0.0014452510513365269
-0.013530444353818893
-0.018980517983436584
-0.016579464077949524
-0.01061217114329338
-0.007440239191055298
-0.010011449456214905
-0.015081923454999924
-0.016014650464057922
-0.008863616734743118
0.003804517211392522
0.014785651117563248
0.018158257007598877
0.013855203986167908
0.006879895925521851
0.002488307422026992
0.0020526470616459846
0.003266796702519059
0.0038188081234693527
0.00399819016456604
0.005499240010976791
0.008143138140439987
0.008641336113214493
0.0036532410886138678
-0.005745153874158859
-0.01327916607260704
-0.01204841211438179
-0.0009193585719913244
0.013334304094314575
0.020890314131975174
0.016801338642835617
0.0050470903515815735
-0.005008365958929062
-0.0067533403635025024
-0.0016666811425238848
0.0026820003986358643
-0.0002722295466810465
-0.010303281247615814
-0.021022774279117584
-0.025895103812217712
-0.0238027386367321
-0.019273139536380768
-0.017718739807605743
-0.020203188061714172
-0.022883165627717972
-0.020433608442544937
-0.011304348707199097
0.0015198388136923313
0.01201745867729187
0.01698218286037445
0.01571027934551239
0.012380361557006836
0.00949786975979805
0.009908992797136307
0.012083567678928375
0.01488012820482254
0.016342703253030777
0.014824282377958298
0.013513978570699692
0.00441177561879158
-0.0010066195391118526
-3.4473807318136096e-05
0.0
0.0
0.0
0.0
0.0
0.0
0.0
0.0
0.0
0.0
0.0
0.0
0.0
0.0
0.0
0.0
0.0
0.0
0.0
0.0
0.0
0.0
0.0
0.0
0.0
0.0
0.0
0.0
0.0
0.0
0.0
0.0
0.0
0.0
0.0
0.0
0.0
0.0
0.0
0.0
0.0
0.0
0.0
0.0